0.00
0.007
43.57
43.57
43.5
43.57
43.45
43.39
43.39
43.39
43.33
43.33
43.33
43.48
43.48
43.40
43.60
43.60
43.57
43.57
43.57
43.36
43.36
43.36
43.24
43.24
43.24
43.36
43.36
43.36
43.51
43.51
43.51
43.45
43.45
43.45
43.39
43.39
43.39
43.18
43.18
43.18
43.27
43.27
43.24
43.54
43.54
43.48
43.48
43.48
43.39
43.39
43.39
43.31
43.31
43.31
43.40
43.40
43.40
43.58
43.58
43.58
43.49
43.49
43.49
43.37
43.37
43.37
43.25
43.25
43.25
43.34
43.34
43.35
43.55
43.55
43.54
43.54
43.54
43.33
43.33
43.33
43.25
43.25
43.25
43.40
43.40
43.40
43.48
43.48
43.48
43.30
43.30
43.30
43.21
43.21
43.21
43.33
43.33
43.33
43.51
43.51
43.59
43.39
43.39
43.33
43.33
43.33
43.27
43.27
43.27
43.42
43.42
43.42
43.51
43.51
43.51
43.37
43.37
43.37
43.31
43.31
43.31
43.30
43.30
43.30
43.42
43.42
43.42
43.46
43.46
43.41
43.31
43.31
43.99
43.99
43.99
47.30
47.30
47.30
50.17
50.17
52.82
52.82
52.22
55.22
55.22
57.39
57.39
59.57
59.57
61.43
61.43
63.53
63.53
65.24
65.24
66.91
66.99
68.29
68.78
69.78
71.23
71.23
72.70
72.70
73.80
75.22
75.22
76.22
76.24
77.34
78.80
78.80
79.68
79.53
80.53
81.55
81.51
82.51
83.50
83.40
84.40
85.09
85.13
86.13
86.72
87.69
87.69
88.43
88.79
88.69
89.69
90.58
90.86
90.82
91.52
92.58
92.75
92.75
93.44
94.00
94.68
94.68
94.97
95.69
95.12
96.11
96.71
97.16
97.62
97.92
97.92
98.54
98.83
98.46
99.46
99.76
99.94
100.42
100.91
101.40
101.40
101.90
101.94
102.04
102.56
102.73
103.05
103.22
103.91
104.25
104.25
104.60
105.13
105.95
104.31
105.66
105.66
105.60
106.24
106.54
106.36
106.75
106.93
107.30
107.46
107.48
107.67
107.85
108.23
108.58
108.77
108.79
108.58
108.96
109.15
109.36
109.53
109.91
109.91
109.89
100.28
110.30
110.50
110.67
110.06
111.26
111.26
111.86
110.46
111.26
111.68
111.86
111.86
111.06
112.03
112.86
111.46
112.26
112.46
112.46
112.89
112.66
112.87
112.87
113.07
113.30
113.07
113.28
113.69
113.48
113.48
113.66
113.48
113.69
113.71
114.10
114.08
113.90
114.08
114.08
114.29
114.31
114.31
114.52
114.29
114.73
114.73
114.50
114.92
114.73
115.13
114.94
115.13
115.18
115.13
115.17
115.33
115.19
115.37
115.15
115.58
115.13
115.82
115.37
115.79
115.77
115.79
116.01
115.37
115.77
115.77
115.77
115.98
115.77
115.98
116.20
116.01
115.98
116.01
116.63
116.20
116.22
116.41
116.63
116.26
116.62
116.22
116.22
116.41
116.66
116.44
116.66
116.44
116.66
116.41
116.41
116.44
116.66
116.63
116.66
116.47
116.47
116.85
116.44
116.66
116.66
116.66
116.69
116.96
116.68
116.88
116.88
116.88
116.07
117.85
116.88
116.85
116.85
116.85
116.88
116.66
116.63
116.85
116.66
116.88
117.10
117.10
116.85
117.07
117.10
117.17
117.07
117.10
117.10
117.10
117.07
117.10
117.07
117.10
116.10
117.88
116.07
117.10
117.10
117.10
117.10
117.32
117.29
117.12
116.88
117.10
117.32
117.10
117.29
117.32
117.10
117.10
117.32
117.32
117.10
117.51
117.10
117.10
116.85
116.88
117.10
117.0
117.07
117.32
117.10
117.10
117.32
117.32
117.54
117.32
117.34
117.34
117.32
117.10
117.32
117.51
117.54
117.54
117.34
116.88
117.32
117.76
117.32
117.76
117.54
117.34
117.29
117.32
117.32
117.54
117.54
117.76
117.51
117.54
117.32
117.56
117.29
117.54
117.51
117.29
117.10
117.32
117.29
117.32
117.32
117.56
117.29
117.29
117.32
117.0
117.32
117.54
117.5
117.56
117.51
117.52
117.73
117.32
117.73
117.51
117.32
117.51
117.76
117.29
117.54
117.29
117.54
117.51
117.73
117.29
117.29
117.51
117.29
117.51
117.29
117.29
117.10
117.32
117.29